wavelength      spectral_flux_density
um              W/m^2/um
5.000000e-02    1.582854e-08
5.025000e-02    1.705844e-08
5.050125e-02    1.838700e-08
5.075376e-02    2.050236e-08
5.100753e-02    2.290133e-08
5.126256e-02    3.048769e-08
5.151888e-02    4.055477e-08
5.177647e-02    5.117445e-08
5.203535e-02    6.464798e-08
5.229553e-02    8.635296e-08
5.255701e-02    1.151055e-07
5.281979e-02    1.413845e-07
5.308389e-02    1.738029e-07
5.334931e-02    2.193243e-07
5.361606e-02    2.768175e-07
5.388414e-02    3.511055e-07
5.415356e-02    4.458017e-07
5.442433e-02    5.807255e-07
5.469645e-02    7.548016e-07
5.496993e-02    9.354214e-07
5.524478e-02    1.160878e-06
5.552100e-02    1.479608e-06
5.579861e-02    1.881309e-06
5.607760e-02    2.294262e-06
5.635799e-02    2.812229e-06
5.663978e-02    3.737617e-06
5.692298e-02    4.948127e-06
5.720759e-02    6.189634e-06
5.749363e-02    7.730889e-06
5.778110e-02    9.461472e-06
5.807000e-02    1.154361e-05
5.836035e-02    1.355142e-05
5.865216e-02    1.606599e-05
5.894542e-02    2.135244e-05
5.924014e-02    2.822560e-05
5.953634e-02    3.518798e-05
5.983403e-02    4.375371e-05
6.013320e-02    5.297953e-05
6.043386e-02    6.446840e-05
6.073603e-02    8.226111e-05
6.103971e-02    1.045250e-04
6.134491e-02    1.278530e-04
6.165163e-02    1.562090e-04
6.195989e-02    1.889920e-04
6.226969e-02    2.293851e-04
6.258104e-02    2.857481e-04
6.289395e-02    3.552078e-04
6.320842e-02    4.343597e-04
6.352446e-02    5.329062e-04
6.384208e-02    6.699763e-04
6.416129e-02    8.368017e-04
6.448210e-02    9.979210e-04
6.480451e-02    1.189126e-03
6.512853e-02    1.409453e-03
6.545417e-02    1.681910e-03
6.578144e-02    2.096457e-03
6.611035e-02    2.616160e-03
6.644090e-02    3.287836e-03
6.677311e-02    4.078762e-03
6.710697e-02    4.684584e-03
6.744251e-02    5.432462e-03
6.777972e-02    6.656335e-03
6.811862e-02    8.038092e-03
6.845921e-02    8.959978e-03
6.880151e-02    1.022739e-02
6.914552e-02    1.323734e-02
6.949124e-02    1.694642e-02
6.983870e-02    2.051440e-02
7.018789e-02    2.480063e-02
7.053883e-02    2.978691e-02
7.089153e-02    3.585003e-02
7.124598e-02    4.357533e-02
7.160221e-02    5.238641e-02
7.196022e-02    5.987605e-02
7.232003e-02    6.919321e-02
7.268163e-02    8.396670e-02
7.304503e-02    1.008962e-01
7.341026e-02    1.162102e-01
7.377731e-02    1.356520e-01
7.414620e-02    1.674278e-01
7.451693e-02    2.041770e-01
7.488951e-02    2.371929e-01
7.526396e-02    2.772923e-01
7.564028e-02    3.322799e-01
7.601848e-02    3.971270e-01
7.639857e-02    4.699184e-01
7.678057e-02    5.551671e-01
7.716447e-02    6.520410e-01
7.755029e-02    7.653625e-01
7.793804e-02    8.964633e-01
7.832773e-02    1.053621e+00
7.871937e-02    1.253157e+00
7.911297e-02    1.481302e+00
7.950853e-02    1.714798e+00
7.990608e-02    1.988839e+00
8.030561e-02    2.320992e+00
8.070714e-02    2.714131e+00
8.111067e-02    3.194571e+00
8.151622e-02    3.732691e+00
8.192381e-02    4.263424e+00
8.233342e-02    4.926147e+00
8.274509e-02    5.894459e+00
8.315882e-02    6.941741e+00
8.357461e-02    7.800016e+00
8.399248e-02    8.863222e+00
8.441245e-02    1.040127e+01
8.483451e-02    1.215541e+01
8.525868e-02    1.404031e+01
8.568497e-02    1.615476e+01
8.611340e-02    1.839184e+01
8.654397e-02    2.111815e+01
8.697669e-02    2.480605e+01
8.741157e-02    2.900330e+01
8.784863e-02    3.350505e+01
8.828787e-02    3.865509e+01
8.872931e-02    4.444953e+01
8.917296e-02    5.095716e+01
8.961882e-02    5.797913e+01
9.006692e-02    6.591550e+01
9.051725e-02    7.479226e+01
9.096984e-02    9.097411e+01
9.142469e-02    1.303712e+02
9.188181e-02    1.586788e+02
9.234122e-02    1.325850e+02
9.280292e-02    1.142345e+02
9.326694e-02    1.054597e+02
9.373327e-02    1.019600e+02
9.420194e-02    1.091088e+02
9.467295e-02    1.131805e+02
9.514631e-02    1.098098e+02
9.562205e-02    1.125484e+02
9.610016e-02    1.294424e+02
9.658066e-02    1.549974e+02
9.706356e-02    2.016148e+02
9.754888e-02    2.345601e+02
9.803662e-02    2.181186e+02
9.852681e-02    2.082548e+02
9.901944e-02    2.094127e+02
9.951454e-02    2.299467e+02
1.000121e-01    2.989767e+02
1.005122e-01    3.685383e+02
1.010147e-01    4.109714e+02
1.015198e-01    4.583078e+02
1.020274e-01    5.111327e+02
1.025375e-01    5.453662e+02
1.030502e-01    5.373662e+02
1.035655e-01    5.633426e+02
1.040833e-01    6.586599e+02
1.046037e-01    7.579461e+02
1.051267e-01    8.486079e+02
1.056524e-01    9.324997e+02
1.061806e-01    9.928479e+02
1.067115e-01    1.076460e+03
1.072451e-01    1.202618e+03
1.077813e-01    1.315844e+03
1.083202e-01    1.392012e+03
1.088618e-01    1.607796e+03
1.094061e-01    2.134128e+03
1.099532e-01    3.413330e+03
1.105029e-01    7.289314e+03
1.110555e-01    1.315575e+04
1.116107e-01    1.838892e+04
1.121688e-01    2.213869e+04
1.127296e-01    2.134430e+04
1.132933e-01    2.132526e+04
1.138597e-01    2.244237e+04
1.144290e-01    2.299537e+04
1.150012e-01    2.268019e+04
1.155762e-01    2.141528e+04
1.161541e-01    1.902492e+04
1.167348e-01    1.851083e+04
1.173185e-01    2.040199e+04
1.179051e-01    2.122920e+04
1.184946e-01    2.044742e+04
1.190871e-01    2.198925e+04
1.196825e-01    2.733881e+04
1.202810e-01    3.519224e+04
1.208824e-01    4.737915e+04
1.214868e-01    5.935040e+04
1.220942e-01    6.787200e+04
1.227047e-01    8.163804e+04
1.233182e-01    1.045368e+05
1.239348e-01    1.481223e+05
1.245545e-01    2.373392e+05
1.251772e-01    3.101364e+05
1.258031e-01    3.179249e+05
1.264321e-01    3.734141e+05
1.270643e-01    5.140437e+05
1.276996e-01    8.241574e+05
1.283381e-01    1.572997e+06
1.289798e-01    2.441452e+06
1.296247e-01    3.005392e+06
1.302728e-01    3.891277e+06
1.309242e-01    5.325886e+06
1.315788e-01    6.319342e+06
1.322367e-01    6.428909e+06
1.328979e-01    7.214004e+06
1.335624e-01    8.977971e+06
1.342302e-01    1.128464e+07
1.349013e-01    1.433037e+07
1.355759e-01    1.617895e+07
1.362537e-01    1.621067e+07
1.369350e-01    1.771828e+07
1.376197e-01    2.111664e+07
1.383078e-01    2.448114e+07
1.389993e-01    2.762717e+07
1.396943e-01    2.867838e+07
1.403928e-01    2.748349e+07
1.410947e-01    2.706061e+07
1.418002e-01    2.732859e+07
1.425092e-01    2.789299e+07
1.432218e-01    2.874741e+07
1.439379e-01    3.330807e+07
1.446576e-01    4.288546e+07
1.453809e-01    4.618774e+07
1.461078e-01    4.248727e+07
1.468383e-01    4.092632e+07
1.475725e-01    4.102717e+07
1.483104e-01    4.394697e+07
1.490519e-01    4.979857e+07
1.497972e-01    5.424971e+07
1.505461e-01    5.719366e+07
1.512989e-01    6.304655e+07
1.520554e-01    7.207116e+07
1.528157e-01    8.892972e+07
1.535797e-01    1.166408e+08
1.543476e-01    1.190163e+08
1.551194e-01    9.976041e+07
1.558950e-01    1.002793e+08
1.566744e-01    1.158841e+08
1.574578e-01    1.485338e+08
1.582451e-01    2.058099e+08
1.590363e-01    2.382006e+08
1.598315e-01    2.414390e+08
1.606307e-01    2.350319e+08
1.614338e-01    2.222157e+08
1.622410e-01    2.181978e+08
1.630522e-01    2.200646e+08
1.638675e-01    2.038004e+08
1.646868e-01    1.779008e+08
1.655102e-01    1.683364e+08
1.663378e-01    1.682548e+08
1.671695e-01    1.946157e+08
1.680053e-01    2.480739e+08
1.688453e-01    2.656763e+08
1.696896e-01    2.540041e+08
1.705380e-01    2.496724e+08
1.713907e-01    2.497960e+08
1.722477e-01    2.481038e+08
1.731089e-01    2.453023e+08
1.739744e-01    2.518368e+08
1.748443e-01    2.645711e+08
1.757185e-01    2.791090e+08
1.765971e-01    2.951814e+08
1.774801e-01    3.271473e+08
1.783675e-01    3.726739e+08
1.792593e-01    3.868360e+08
1.801556e-01    3.806570e+08
1.810564e-01    3.552655e+08
1.819617e-01    3.218496e+08
1.828715e-01    3.121675e+08
1.837859e-01    3.143558e+08
1.847048e-01    3.183872e+08
1.856283e-01    3.234709e+08
1.865565e-01    3.300166e+08
1.874892e-01    3.374388e+08
1.884267e-01    3.348639e+08
1.893688e-01    3.272304e+08
1.903157e-01    3.244372e+08
1.912673e-01    3.240239e+08
1.922236e-01    3.246445e+08
1.931847e-01    3.257775e+08
1.941506e-01    3.465632e+08
1.951214e-01    3.791854e+08
1.960970e-01    3.928839e+08
1.970775e-01    3.967704e+08
1.980629e-01    3.899282e+08
1.990532e-01    3.784309e+08
2.000484e-01    3.581995e+08
2.010487e-01    3.352576e+08
2.020539e-01    3.291369e+08
2.030642e-01    3.299796e+08
2.040795e-01    3.454255e+08
2.050999e-01    3.683577e+08
2.061254e-01    3.761574e+08
2.071560e-01    3.772121e+08
2.081918e-01    3.797853e+08
2.092328e-01    3.830021e+08
2.102789e-01    3.729903e+08
2.113303e-01    3.582101e+08
2.123870e-01    3.382420e+08
2.134489e-01    3.172876e+08
2.145162e-01    3.116639e+08
2.155888e-01    3.115486e+08
2.166667e-01    3.162503e+08
2.177500e-01    3.228551e+08
2.188388e-01    3.240139e+08
2.199330e-01    3.231747e+08
2.210326e-01    3.097349e+08
2.221378e-01    2.927116e+08
2.232485e-01    2.929597e+08
2.243647e-01    2.990411e+08
2.254866e-01    3.000053e+08
2.266140e-01    2.992336e+08
2.277471e-01    3.018343e+08
2.288858e-01    3.055731e+08
2.300302e-01    2.991290e+08
2.311804e-01    2.897164e+08
2.323363e-01    2.722487e+08
2.334980e-01    2.534612e+08
2.346654e-01    2.426517e+08
2.358388e-01    2.342572e+08
2.370180e-01    2.286335e+08
2.382031e-01    2.238559e+08
2.393941e-01    2.215503e+08
2.405910e-01    2.199385e+08
2.417940e-01    2.327162e+08
2.430030e-01    2.505978e+08
2.442180e-01    2.551792e+08
2.454391e-01    2.559900e+08
2.466663e-01    2.569157e+08
2.478996e-01    2.578742e+08
2.491391e-01    2.597204e+08
2.503848e-01    2.618043e+08
2.516367e-01    2.410033e+08
2.528949e-01    2.169985e+08
2.541594e-01    2.206585e+08
2.554302e-01    2.309205e+08
2.567073e-01    2.458165e+08
2.579909e-01    2.626957e+08
2.592808e-01    2.620515e+08
2.605772e-01    2.574568e+08
2.618801e-01    2.760109e+08
2.631895e-01    3.014768e+08
2.645055e-01    3.108021e+08
2.658280e-01    3.166133e+08
2.671571e-01    3.148535e+08
2.684929e-01    3.116025e+08
2.698354e-01    3.031150e+08
2.711845e-01    2.938829e+08
2.725405e-01    2.842872e+08
2.739032e-01    2.748894e+08
2.752727e-01    2.737378e+08
2.766491e-01    2.740251e+08
2.780323e-01    2.438456e+08
2.794225e-01    2.126524e+08
2.808196e-01    2.487442e+08
2.822237e-01    3.053825e+08
2.836348e-01    3.079356e+08
2.850530e-01    3.010003e+08
2.864782e-01    3.012142e+08
2.879106e-01    3.025024e+08
2.893502e-01    3.132415e+08
2.907969e-01    3.258040e+08
2.922509e-01    3.244640e+08
2.937122e-01    3.211924e+08
2.951807e-01    3.276854e+08
2.966566e-01    3.356428e+08
2.981399e-01    3.417033e+08
2.996306e-01    3.476066e+08
3.011288e-01    3.491139e+08
3.026344e-01    3.500919e+08
3.041476e-01    3.438467e+08
3.056683e-01    3.369183e+08
3.071967e-01    3.370430e+08
3.087326e-01    3.379173e+08
3.102763e-01    3.371024e+08
3.118277e-01    3.361193e+08
3.133868e-01    3.377900e+08
3.149538e-01    3.397233e+08
3.165285e-01    3.384576e+08
3.181112e-01    3.369129e+08
3.197017e-01    3.335343e+08
3.213002e-01    3.300381e+08
3.229067e-01    3.293152e+08
3.245213e-01    3.288066e+08
3.261439e-01    3.323962e+08
3.277746e-01    3.363245e+08
3.294135e-01    3.394485e+08
3.310605e-01    3.425450e+08
3.327158e-01    3.390823e+08
3.343794e-01    3.352640e+08
3.360513e-01    3.332896e+08
3.377316e-01    3.314256e+08
3.394202e-01    3.303161e+08
3.411173e-01    3.292471e+08
3.428229e-01    3.285281e+08
3.445370e-01    3.278260e+08
3.462597e-01    3.276333e+08
3.479910e-01    3.274603e+08
3.497310e-01    3.273794e+08
3.514796e-01    3.273016e+08
3.532370e-01    3.305783e+08
3.550032e-01    3.339833e+08
3.567782e-01    3.278855e+08
3.585621e-01    3.216883e+08
3.603549e-01    3.219469e+08
3.621567e-01    3.223190e+08
3.639675e-01    3.120488e+08
3.657873e-01    3.019787e+08
3.676163e-01    2.936350e+08
3.694543e-01    2.855321e+08
3.713016e-01    3.148331e+08
3.731581e-01    3.472719e+08
3.750239e-01    3.932349e+08
3.768990e-01    4.451800e+08
3.787835e-01    4.889357e+08
3.806774e-01    5.366949e+08
3.825808e-01    5.637334e+08
3.844937e-01    5.918338e+08
3.864162e-01    6.037685e+08
3.883483e-01    6.173014e+08
3.902900e-01    6.949782e+08
3.922415e-01    7.776829e+08
3.942027e-01    7.006090e+08
3.961737e-01    6.359198e+08
3.981546e-01    7.226400e+08
4.001453e-01    8.188415e+08
4.021461e-01    8.617075e+08
4.041568e-01    9.001356e+08
4.061776e-01    7.949357e+08
4.082085e-01    7.050086e+08
4.102495e-01    6.810952e+08
4.123008e-01    6.633878e+08
4.143623e-01    7.495990e+08
4.164341e-01    8.409814e+08
4.185162e-01    8.384217e+08
4.206088e-01    8.354796e+08
4.227119e-01    8.266912e+08
4.248254e-01    8.168920e+08
4.269495e-01    7.921790e+08
4.290843e-01    7.601309e+08
4.312297e-01    6.363782e+08
4.333859e-01    5.443423e+08
4.355528e-01    6.025324e+08
4.377306e-01    6.644345e+08
4.399192e-01    7.023861e+08
4.421188e-01    7.382557e+08
4.443294e-01    7.305140e+08
4.465511e-01    7.229629e+08
4.487838e-01    7.165622e+08
4.510277e-01    7.099425e+08
4.532829e-01    7.008408e+08
4.555493e-01    6.922389e+08
4.578270e-01    6.870915e+08
4.601162e-01    6.819187e+08
4.624167e-01    6.762564e+08
4.647288e-01    6.703831e+08
4.670525e-01    6.625299e+08
4.693877e-01    6.545446e+08
4.717347e-01    6.449815e+08
4.740933e-01    6.352308e+08
4.764638e-01    6.233036e+08
4.788461e-01    6.050223e+08
4.812404e-01    5.450430e+08
4.836466e-01    4.939907e+08
4.860648e-01    4.659776e+08
4.884951e-01    4.499923e+08
4.909376e-01    5.041281e+08
4.933923e-01    5.554855e+08
4.958592e-01    5.534470e+08
4.983385e-01    5.504030e+08
5.008302e-01    5.415385e+08
5.033344e-01    5.334522e+08
5.058511e-01    5.290096e+08
5.083803e-01    5.240023e+08
5.109222e-01    5.158377e+08
5.134768e-01    5.070048e+08
5.160442e-01    4.942767e+08
5.186244e-01    4.835211e+08
5.212175e-01    4.811931e+08
5.238236e-01    4.782073e+08
5.264428e-01    4.720349e+08
5.290750e-01    4.660169e+08
5.317203e-01    4.604212e+08
5.343789e-01    4.549483e+08
5.370508e-01    4.497891e+08
5.397361e-01    4.446206e+08
5.424348e-01    4.392188e+08
5.451469e-01    4.340176e+08
5.478727e-01    4.294431e+08
5.506120e-01    4.246606e+08
5.533651e-01    4.188940e+08
5.561319e-01    4.132260e+08
5.589126e-01    4.077142e+08
5.617072e-01    4.023442e+08
5.645157e-01    3.973053e+08
5.673383e-01    3.923836e+08
5.701750e-01    3.877232e+08
5.730258e-01    3.829898e+08
5.758910e-01    3.778538e+08
5.787704e-01    3.727348e+08
5.816643e-01    3.675051e+08
5.845726e-01    3.619215e+08
5.874955e-01    3.549842e+08
5.904329e-01    3.489803e+08
5.933851e-01    3.457140e+08
5.963520e-01    3.420682e+08
5.993338e-01    3.371486e+08
6.023305e-01    3.324268e+08
6.053421e-01    3.281667e+08
6.083688e-01    3.236614e+08
6.114107e-01    3.183118e+08
6.144677e-01    3.133511e+08
6.175401e-01    3.093541e+08
6.206278e-01    3.052416e+08
6.237309e-01    3.007058e+08
6.268495e-01    2.961431e+08
6.299838e-01    2.913866e+08
6.331337e-01    2.868202e+08
6.362994e-01    2.826352e+08
6.394809e-01    2.784787e+08
6.426783e-01    2.742969e+08
6.458917e-01    2.682616e+08
6.491211e-01    2.574927e+08
6.523667e-01    2.451799e+08
6.556286e-01    2.286954e+08
6.589067e-01    2.216932e+08
6.622012e-01    2.366599e+08
6.655123e-01    2.472788e+08
6.688398e-01    2.451837e+08
6.721840e-01    2.428024e+08
6.755449e-01    2.397273e+08
6.789227e-01    2.365754e+08
6.823173e-01    2.331986e+08
6.857289e-01    2.298888e+08
6.891575e-01    2.266683e+08
6.926033e-01    2.234368e+08
6.960663e-01    2.201283e+08
6.995466e-01    2.168544e+08
7.030444e-01    2.135983e+08
7.065596e-01    2.101930e+08
7.100924e-01    2.064288e+08
7.136429e-01    2.031528e+08
7.172111e-01    2.007916e+08
7.207971e-01    1.982925e+08
7.244011e-01    1.954935e+08
7.280231e-01    1.927141e+08
7.316632e-01    1.899354e+08
7.353215e-01    1.870944e+08
7.389982e-01    1.841004e+08
7.426931e-01    1.812114e+08
7.464066e-01    1.784748e+08
7.501386e-01    1.759156e+08
7.538893e-01    1.736426e+08
7.576588e-01    1.712628e+08
7.614471e-01    1.686714e+08
7.652543e-01    1.660608e+08
7.690806e-01    1.633882e+08
7.729260e-01    1.606693e+08
7.767906e-01    1.578429e+08
7.806746e-01    1.553347e+08
7.845779e-01    1.533176e+08
7.885008e-01    1.512427e+08
7.924433e-01    1.490577e+08
7.964056e-01    1.468874e+08
8.003876e-01    1.447213e+08
8.043895e-01    1.426033e+08
8.084115e-01    1.405416e+08
8.124535e-01    1.381070e+08
8.165158e-01    1.350968e+08
8.205984e-01    1.319150e+08
8.247014e-01    1.284539e+08
8.288249e-01    1.248773e+08
8.329690e-01    1.210998e+08
8.371338e-01    1.179646e+08
8.413195e-01    1.156723e+08
8.455261e-01    1.139130e+08
8.497537e-01    1.128780e+08
8.540025e-01    1.121961e+08
8.582725e-01    1.120029e+08
8.625639e-01    1.119502e+08
8.668767e-01    1.120916e+08
8.712111e-01    1.121472e+08
8.755671e-01    1.120861e+08
8.799450e-01    1.111173e+08
8.843447e-01    1.089719e+08
8.887664e-01    1.087976e+08
8.932103e-01    1.111858e+08
8.976763e-01    1.106401e+08
9.021647e-01    1.064161e+08
9.066755e-01    1.054302e+08
9.112089e-01    1.083975e+08
9.157649e-01    1.064559e+08
9.203438e-01    9.883433e+07
9.249455e-01    9.691482e+07
9.295702e-01    1.014885e+08
9.342181e-01    1.036613e+08
9.388891e-01    1.028158e+08
9.435836e-01    9.981642e+07
9.483015e-01    9.453688e+07
9.530430e-01    9.149830e+07
9.578082e-01    9.075738e+07
9.625973e-01    9.111381e+07
9.674103e-01    9.270328e+07
9.722473e-01    9.298196e+07
9.771085e-01    9.182235e+07
9.819941e-01    9.035839e+07
9.869041e-01    8.858434e+07
9.918386e-01    8.584646e+07
9.967978e-01    8.219312e+07
1.001782e+00    7.913495e+07
1.006791e+00    7.662698e+07
1.011825e+00    7.643860e+07
1.016884e+00    7.856433e+07
1.021968e+00    7.911299e+07
1.027078e+00    7.807489e+07
1.032213e+00    7.689597e+07
1.037374e+00    7.558822e+07
1.042561e+00    7.427433e+07
1.047774e+00    7.295686e+07
1.053013e+00    7.166933e+07
1.058278e+00    7.041052e+07
1.063569e+00    6.877747e+07
1.068887e+00    6.683195e+07
1.074232e+00    6.549720e+07
1.079603e+00    6.467887e+07
1.085001e+00    6.184876e+07
1.090426e+00    5.750205e+07
1.095878e+00    5.667198e+07
1.101357e+00    5.871739e+07
1.106864e+00    5.962245e+07
1.112399e+00    5.952470e+07
1.117961e+00    5.872636e+07
1.123550e+00    5.737553e+07
1.129168e+00    5.633488e+07
1.134814e+00    5.553530e+07
1.140488e+00    5.481941e+07
1.146190e+00    5.416930e+07
1.151921e+00    5.319848e+07
1.157681e+00    5.199635e+07
1.163469e+00    5.091493e+07
1.169287e+00    4.992572e+07
1.175133e+00    4.908156e+07
1.181009e+00    4.834400e+07
1.186914e+00    4.765450e+07
1.192848e+00    4.700145e+07
1.198813e+00    4.629010e+07
1.204807e+00    4.554223e+07
1.210831e+00    4.485259e+07
1.216885e+00    4.420524e+07
1.222969e+00    4.347563e+07
1.229084e+00    4.269634e+07
1.235230e+00    4.199353e+07
1.241406e+00    4.134368e+07
1.247613e+00    4.059487e+07
1.253851e+00    3.978932e+07
1.260120e+00    3.898514e+07
1.266421e+00    3.818797e+07
1.272753e+00    3.640009e+07
1.279117e+00    3.410306e+07
1.285512e+00    3.386041e+07
1.291940e+00    3.484824e+07
1.298399e+00    3.504350e+07
1.304891e+00    3.474887e+07
1.311416e+00    3.426522e+07
1.317973e+00    3.367684e+07
1.324563e+00    3.312671e+07
1.331186e+00    3.260163e+07
1.337842e+00    3.204072e+07
1.344531e+00    3.146482e+07
1.351253e+00    3.090212e+07
1.358010e+00    3.035103e+07
1.364800e+00    2.979337e+07
1.371624e+00    2.923722e+07
1.378482e+00    2.876631e+07
1.385374e+00    2.834228e+07
1.392301e+00    2.788270e+07
1.399263e+00    2.740918e+07
1.406259e+00    2.693939e+07
1.413290e+00    2.647549e+07
1.420357e+00    2.600374e+07
1.427459e+00    2.553264e+07
1.434596e+00    2.501034e+07
1.441769e+00    2.447029e+07
1.448978e+00    2.402634e+07
1.456223e+00    2.363003e+07
1.463504e+00    2.317089e+07
1.470821e+00    2.268909e+07
1.478175e+00    2.220016e+07
1.485566e+00    2.171415e+07
1.492994e+00    2.121217e+07
1.500459e+00    2.071026e+07
1.507961e+00    2.032477e+07
1.515501e+00    1.999116e+07
1.523079e+00    1.965912e+07
1.530694e+00    1.933098e+07
1.538347e+00    1.900950e+07
1.546039e+00    1.869384e+07
1.553769e+00    1.839648e+07
1.561538e+00    1.810905e+07
1.569346e+00    1.782955e+07
1.577193e+00    1.755571e+07
1.585079e+00    1.730492e+07
1.593004e+00    1.706487e+07
1.600969e+00    1.669888e+07
1.608974e+00    1.629350e+07
1.617019e+00    1.625123e+07
1.625104e+00    1.634000e+07
1.633229e+00    1.585226e+07
1.641395e+00    1.518410e+07
1.649602e+00    1.519923e+07
1.657850e+00    1.544933e+07
1.666140e+00    1.497303e+07
1.674470e+00    1.427905e+07
1.682843e+00    1.413903e+07
1.691257e+00    1.417520e+07
1.699713e+00    1.411948e+07
1.708212e+00    1.403468e+07
1.716753e+00    1.360286e+07
1.725337e+00    1.308074e+07
1.733963e+00    1.272234e+07
1.742633e+00    1.241659e+07
1.751346e+00    1.242521e+07
1.760103e+00    1.252620e+07
1.768904e+00    1.238407e+07
1.777748e+00    1.217507e+07
1.786637e+00    1.193481e+07
1.795570e+00    1.168978e+07
1.804548e+00    1.114031e+07
1.813571e+00    1.053804e+07
1.822638e+00    1.052396e+07
1.831752e+00    1.066107e+07
1.840910e+00    1.058598e+07
1.850115e+00    1.045782e+07
1.859366e+00    1.001876e+07
1.868662e+00    9.525409e+06
1.878006e+00    9.447615e+06
1.887396e+00    9.466056e+06
1.896833e+00    9.441874e+06
1.906317e+00    9.407891e+06
1.915848e+00    9.217499e+06
1.925428e+00    8.996820e+06
1.935055e+00    8.589393e+06
1.944730e+00    8.161073e+06
1.954454e+00    8.198816e+06
1.964226e+00    8.333855e+06
1.974047e+00    8.259679e+06
1.983917e+00    8.144272e+06
1.993837e+00    8.003447e+06
2.003806e+00    7.859866e+06
2.013825e+00    7.715098e+06
2.023894e+00    7.572300e+06
2.034014e+00    7.433216e+06
2.044184e+00    7.296879e+06
2.054405e+00    7.159794e+06
2.064677e+00    7.024728e+06
2.075000e+00    6.895152e+06
2.085375e+00    6.768452e+06
2.095802e+00    6.639939e+06
2.106281e+00    6.513211e+06
2.116812e+00    6.385661e+06
2.127397e+00    6.260118e+06
2.138034e+00    6.098025e+06
2.148724e+00    5.934520e+06
2.159467e+00    5.722712e+06
2.170265e+00    5.511306e+06
2.181116e+00    5.529672e+06
2.192022e+00    5.578916e+06
2.202982e+00    5.498411e+06
2.213997e+00    5.402754e+06
2.225067e+00    5.308089e+06
2.236192e+00    5.215002e+06
2.247373e+00    5.116642e+06
2.258610e+00    5.019350e+06
2.269903e+00    4.925600e+06
2.281252e+00    4.833784e+06
2.292659e+00    4.742898e+06
2.304122e+00    4.653641e+06
2.315642e+00    4.559580e+06
2.327221e+00    4.466797e+06
2.338857e+00    4.377721e+06
2.350551e+00    4.290585e+06
2.362304e+00    4.201564e+06
2.374115e+00    4.114085e+06
2.385986e+00    4.034036e+06
2.397916e+00    3.955987e+06
2.409905e+00    3.882744e+06
2.421955e+00    3.811098e+06
2.434065e+00    3.741095e+06
2.446235e+00    3.672399e+06
2.458466e+00    3.604803e+06
2.470758e+00    3.538441e+06
2.483112e+00    3.471386e+06
2.495528e+00    3.405493e+06
2.508005e+00    3.342605e+06
2.520546e+00    3.280968e+06
2.533148e+00    3.231051e+06
2.545814e+00    3.182382e+06
2.558543e+00    3.112916e+06
2.571336e+00    3.044099e+06
2.584192e+00    2.992758e+06
2.597113e+00    2.942848e+06
2.610099e+00    2.811998e+06
2.623149e+00    2.684603e+06
2.636265e+00    2.710815e+06
2.649447e+00    2.741189e+06
2.662694e+00    2.664463e+06
2.676007e+00    2.587813e+06
2.689387e+00    2.583161e+06
2.702834e+00    2.579584e+06
2.716348e+00    2.531805e+06
2.729930e+00    2.484480e+06
2.743580e+00    2.392734e+06
2.757298e+00    2.304162e+06
2.771084e+00    2.302813e+06
2.784940e+00    2.301293e+06
2.798864e+00    2.265662e+06
2.812859e+00    2.230464e+06
2.826923e+00    2.184150e+06
2.841058e+00    2.138241e+06
2.855263e+00    2.057588e+06
2.869539e+00    1.981395e+06
2.883887e+00    1.976653e+06
2.898306e+00    1.971343e+06
2.912798e+00    1.943460e+06
2.927362e+00    1.915727e+06
2.941999e+00    1.880505e+06
2.956709e+00    1.845883e+06
2.971492e+00    1.810583e+06
2.986350e+00    1.775544e+06
3.001281e+00    1.731381e+06
3.016288e+00    1.687759e+06
3.031369e+00    1.633640e+06
3.046526e+00    1.583750e+06
3.061759e+00    1.582430e+06
3.077067e+00    1.579620e+06
3.092453e+00    1.551246e+06
3.107915e+00    1.523299e+06
3.123455e+00    1.494568e+06
3.139072e+00    1.466427e+06
3.154767e+00    1.439482e+06
3.170541e+00    1.412989e+06
3.186394e+00    1.386407e+06
3.202326e+00    1.360311e+06
3.218337e+00    1.334536e+06
3.234429e+00    1.308938e+06
3.250601e+00    1.280298e+06
3.266854e+00    1.250721e+06
3.283189e+00    1.205366e+06
3.299604e+00    1.165348e+06
3.316102e+00    1.163701e+06
3.332683e+00    1.160304e+06
3.349346e+00    1.140280e+06
3.366093e+00    1.120302e+06
3.382924e+00    1.098007e+06
3.399838e+00    1.076272e+06
3.416837e+00    1.055954e+06
3.433922e+00    1.035943e+06
3.451091e+00    1.015706e+06
3.468347e+00    9.958876e+05
3.485688e+00    9.766404e+05
3.503117e+00    9.577995e+05
3.520632e+00    9.395720e+05
3.538236e+00    9.217003e+05
3.555927e+00    9.042306e+05
3.573706e+00    8.870929e+05
3.591575e+00    8.702859e+05
3.609533e+00    8.537848e+05
3.627580e+00    8.375177e+05
3.645718e+00    8.215144e+05
3.663947e+00    8.055363e+05
3.682267e+00    7.893150e+05
3.700678e+00    7.701995e+05
3.719181e+00    7.513079e+05
3.737777e+00    7.315481e+05
3.756466e+00    7.147225e+05
3.775249e+00    7.114018e+05
3.794125e+00    7.061831e+05
3.813095e+00    6.910281e+05
3.832161e+00    6.769654e+05
3.851322e+00    6.670387e+05
3.870578e+00    6.560268e+05
3.889931e+00    6.392665e+05
3.909381e+00    6.244637e+05
3.928928e+00    6.171601e+05
3.948572e+00    6.090197e+05
3.968315e+00    5.968207e+05
3.988157e+00    5.834506e+05
4.008098e+00    5.642690e+05
4.028138e+00    5.470678e+05
4.048279e+00    5.360581e+05
4.068520e+00    5.271244e+05
4.088863e+00    5.260066e+05
4.109307e+00    5.225742e+05
4.129854e+00    5.099741e+05
4.150503e+00    4.978886e+05
4.171255e+00    4.868961e+05
4.192112e+00    4.773266e+05
4.213072e+00    4.723657e+05
4.234138e+00    4.666335e+05
4.255308e+00    4.579872e+05
4.276585e+00    4.493999e+05
4.297968e+00    4.406185e+05
4.319458e+00    4.311956e+05
4.341055e+00    4.192190e+05
4.362760e+00    4.086160e+05
4.384574e+00    4.017301e+05
4.406497e+00    3.953489e+05
4.428529e+00    3.903286e+05
4.450672e+00    3.847971e+05
4.472925e+00    3.775370e+05
4.495290e+00    3.703879e+05
4.517766e+00    3.632947e+05
4.540355e+00    3.562879e+05
4.563057e+00    3.492695e+05
4.585872e+00    3.417811e+05
4.608802e+00    3.327032e+05
4.631846e+00    3.232708e+05
4.655005e+00    3.124479e+05
4.678280e+00    3.047217e+05
4.701671e+00    3.047869e+05
4.725180e+00    3.033878e+05
4.748806e+00    2.980496e+05
4.772550e+00    2.926630e+05
4.796412e+00    2.870018e+05
4.820394e+00    2.814567e+05
4.844496e+00    2.760352e+05
4.868719e+00    2.707200e+05
4.893062e+00    2.655117e+05
4.917528e+00    2.604080e+05
4.942115e+00    2.554129e+05
4.966826e+00    2.505074e+05
4.991660e+00    2.456811e+05
5.016618e+00    2.409402e+05
5.041701e+00    2.362734e+05
5.066910e+00    2.310510e+05
5.092245e+00    2.244961e+05
5.117706e+00    2.190207e+05
5.143294e+00    2.156531e+05
5.169011e+00    2.126063e+05
5.194856e+00    2.101871e+05
5.220830e+00    2.070726e+05
5.246934e+00    2.024831e+05
5.273169e+00    1.983275e+05
5.299535e+00    1.949423e+05
5.326032e+00    1.913015e+05
5.352663e+00    1.870992e+05
5.379426e+00    1.833201e+05
5.406323e+00    1.802703e+05
5.433355e+00    1.770918e+05
5.460521e+00    1.736241e+05
5.487824e+00    1.700415e+05
5.515263e+00    1.661895e+05
5.542839e+00    1.628501e+05
5.570554e+00    1.603640e+05
5.598406e+00    1.577219e+05
5.626398e+00    1.547736e+05
5.654530e+00    1.515489e+05
5.682803e+00    1.478094e+05
5.711217e+00    1.446688e+05
5.739773e+00    1.424723e+05
5.768472e+00    1.401627e+05
5.797314e+00    1.376426e+05
5.826301e+00    1.348461e+05
5.855433e+00    1.315767e+05
5.884710e+00    1.282239e+05
5.914133e+00    1.246954e+05
5.943704e+00    1.221105e+05
5.973422e+00    1.209319e+05
6.003290e+00    1.194947e+05
6.033306e+00    1.176534e+05
6.063473e+00    1.156527e+05
6.093790e+00    1.134001e+05
6.124259e+00    1.112056e+05
6.154880e+00    1.090744e+05
6.185655e+00    1.068913e+05
6.216583e+00    1.046166e+05
6.247666e+00    1.021645e+05
6.278904e+00    9.944924e+04
6.310299e+00    9.740394e+04
6.341850e+00    9.624284e+04
6.373559e+00    9.482692e+04
6.405427e+00    9.306285e+04
6.437454e+00    9.130627e+04
6.469642e+00    8.954883e+04
6.501990e+00    8.781843e+04
6.534500e+00    8.611256e+04
6.567172e+00    8.444177e+04
6.600008e+00    8.280592e+04
6.633008e+00    8.119026e+04
6.666173e+00    7.959161e+04
6.699504e+00    7.777837e+04
6.733001e+00    7.570360e+04
6.766667e+00    7.407439e+04
6.800500e+00    7.295605e+04
6.834502e+00    7.183276e+04
6.868675e+00    7.070066e+04
6.903018e+00    6.944812e+04
6.937533e+00    6.805646e+04
6.972221e+00    6.674236e+04
7.007082e+00    6.551051e+04
7.042117e+00    6.423561e+04
7.077328e+00    6.291184e+04
7.112715e+00    6.169685e+04
7.148278e+00    6.059507e+04
7.184020e+00    5.942994e+04
7.219940e+00    5.819788e+04
7.256039e+00    5.703208e+04
7.292320e+00    5.593265e+04
7.328781e+00    5.484709e+04
7.365425e+00    5.377501e+04
7.402252e+00    5.234085e+04
7.439264e+00    5.056180e+04
7.476460e+00    4.929908e+04
7.513842e+00    4.852326e+04
7.551411e+00    4.796669e+04
7.589168e+00    4.762104e+04
7.627114e+00    4.698970e+04
7.665250e+00    4.609101e+04
7.703576e+00    4.513062e+04
7.742094e+00    4.411649e+04
7.780804e+00    4.324139e+04
7.819708e+00    4.249072e+04
7.858807e+00    4.173474e+04
7.898101e+00    4.097565e+04
7.937592e+00    4.020490e+04
7.977280e+00    3.942614e+04
8.017166e+00    3.863711e+04
8.057252e+00    3.784193e+04
8.097538e+00    3.700142e+04
8.138026e+00    3.612743e+04
8.178716e+00    3.543279e+04
8.219609e+00    3.488415e+04
8.260707e+00    3.427878e+04
8.302011e+00    3.363071e+04
8.343521e+00    3.298171e+04
8.385239e+00    3.233472e+04
8.427165e+00    3.170428e+04
8.469301e+00    3.108917e+04
8.511647e+00    3.047547e+04
8.554205e+00    2.986582e+04
8.596976e+00    2.918295e+04
8.639961e+00    2.845181e+04
8.683161e+00    2.777553e+04
8.726577e+00    2.714218e+04
8.770210e+00    2.669039e+04
8.814061e+00    2.636792e+04
8.858131e+00    2.597021e+04
8.902422e+00    2.552234e+04
8.946934e+00    2.504551e+04
8.991669e+00    2.455216e+04
9.036627e+00    2.407276e+04
9.081810e+00    2.360559e+04
9.127219e+00    2.314921e+04
9.172855e+00    2.270279e+04
9.218720e+00    2.224809e+04
9.264813e+00    2.179150e+04
9.311137e+00    2.128740e+04
9.357693e+00    2.075882e+04
9.404481e+00    2.036434e+04
9.451504e+00    2.005344e+04
9.498761e+00    1.971265e+04
9.546255e+00    1.935639e+04
9.593986e+00    1.900210e+04
9.641956e+00    1.865160e+04
9.690166e+00    1.828964e+04
9.738617e+00    1.792419e+04
9.787310e+00    1.755537e+04
9.836247e+00    1.718802e+04
9.885428e+00    1.686101e+04
9.934855e+00    1.655865e+04
9.984529e+00    1.624662e+04
1.003445e+01    1.593216e+04
1.008462e+01    1.561731e+04
1.013505e+01    1.530521e+04
1.018572e+01    1.498049e+04
1.023665e+01    1.465275e+04
1.028783e+01    1.436996e+04
1.033927e+01    1.411217e+04
1.039097e+01    1.380175e+04
1.044292e+01    1.346941e+04
1.049514e+01    1.319986e+04
1.054761e+01    1.296284e+04
1.060035e+01    1.274555e+04
1.065335e+01    1.253941e+04
1.070662e+01    1.228491e+04
1.076015e+01    1.201126e+04
1.081396e+01    1.178074e+04
1.086803e+01    1.157179e+04
1.092237e+01    1.136022e+04
1.097698e+01    1.114967e+04
1.103186e+01    1.093422e+04
1.108702e+01    1.071904e+04
1.114246e+01    1.049667e+04
1.119817e+01    1.027400e+04
1.125416e+01    1.002105e+04
1.131043e+01    9.759726e+03
1.136698e+01    9.596556e+03
1.142382e+01    9.474003e+03
1.148094e+01    9.289936e+03
1.153834e+01    9.084263e+03
1.159603e+01    8.924417e+03
1.165401e+01    8.783626e+03
1.171228e+01    8.620036e+03
1.177084e+01    8.449945e+03
1.182970e+01    8.287899e+03
1.188885e+01    8.130710e+03
1.194829e+01    7.972486e+03
1.200803e+01    7.815881e+03
1.206807e+01    7.657141e+03
1.212841e+01    7.499780e+03
1.218906e+01    7.345837e+03
1.225000e+01    7.195116e+03
1.231125e+01    7.006525e+03
1.237281e+01    6.809236e+03
1.243467e+01    6.694827e+03
1.249684e+01    6.607962e+03
1.255933e+01    6.484340e+03
1.262213e+01    6.350972e+03
1.268524e+01    6.245749e+03
1.274866e+01    6.150209e+03
1.281241e+01    6.036849e+03
1.287647e+01    5.919753e+03
1.294085e+01    5.803021e+03
1.300555e+01    5.688031e+03
1.307058e+01    5.569913e+03
1.313593e+01    5.452705e+03
1.320161e+01    5.347547e+03
1.326762e+01    5.247083e+03
1.333396e+01    5.147772e+03
1.340063e+01    5.050144e+03
1.346763e+01    4.951825e+03
1.353497e+01    4.854754e+03
1.360265e+01    4.758964e+03
1.367066e+01    4.664905e+03
1.373901e+01    4.571255e+03
1.380771e+01    4.479127e+03
1.387675e+01    4.383749e+03
1.394613e+01    4.289183e+03
1.401586e+01    4.201642e+03
1.408594e+01    4.117042e+03
1.415637e+01    4.030694e+03
1.422715e+01    3.945385e+03
1.429829e+01    3.880635e+03
1.436978e+01    3.821041e+03
1.444163e+01    3.749841e+03
1.451384e+01    3.677346e+03
1.458641e+01    3.603886e+03
1.465934e+01    3.531413e+03
1.473263e+01    3.460809e+03
1.480630e+01    3.391697e+03
1.488033e+01    3.318020e+03
1.495473e+01    3.244827e+03
1.502950e+01    3.185958e+03
1.510465e+01    3.130475e+03
1.518017e+01    3.070750e+03
1.525608e+01    3.011254e+03
1.533236e+01    2.953479e+03
1.540902e+01    2.896908e+03
1.548606e+01    2.839835e+03
1.556349e+01    2.783631e+03
1.564131e+01    2.727062e+03
1.571952e+01    2.671414e+03
1.579812e+01    2.618140e+03
1.587711e+01    2.566113e+03
1.595649e+01    2.515359e+03
1.603627e+01    2.465643e+03
1.611645e+01    2.403557e+03
1.619704e+01    2.341238e+03
1.627802e+01    2.298686e+03
1.635941e+01    2.259272e+03
1.644121e+01    2.219605e+03
1.652342e+01    2.180519e+03
1.660603e+01    2.140053e+03
1.668906e+01    2.100095e+03
1.677251e+01    2.048482e+03
1.685637e+01    1.996771e+03
1.694065e+01    1.966620e+03
1.702536e+01    1.939074e+03
1.711048e+01    1.904002e+03
1.719604e+01    1.868780e+03
1.728202e+01    1.831873e+03
1.736843e+01    1.795477e+03
1.745527e+01    1.757683e+03
1.754254e+01    1.720499e+03
1.763026e+01    1.687691e+03
1.771841e+01    1.655802e+03
1.780700e+01    1.624285e+03
1.789603e+01    1.593351e+03
1.798551e+01    1.561748e+03
1.807544e+01    1.530683e+03
1.816582e+01    1.500852e+03
1.825665e+01    1.471642e+03
1.834793e+01    1.441456e+03
1.843967e+01    1.411797e+03
1.853187e+01    1.377565e+03
1.862453e+01    1.343886e+03
1.871765e+01    1.322103e+03
1.881124e+01    1.301213e+03
1.890530e+01    1.270823e+03
1.899982e+01    1.240722e+03
1.909482e+01    1.220290e+03
1.919030e+01    1.200535e+03
1.928625e+01    1.178477e+03
1.938268e+01    1.156737e+03
1.947959e+01    1.133877e+03
1.957699e+01    1.111427e+03
1.967488e+01    1.090061e+03
1.977325e+01    1.069120e+03
1.987212e+01    1.048046e+03
1.997148e+01    1.027378e+03
2.007133e+01    1.007058e+03
2.017169e+01    9.871393e+02
2.027255e+01    9.671530e+02
2.037391e+01    9.475680e+02
2.047578e+01    9.283924e+02
2.057816e+01    9.096048e+02
2.068105e+01    8.912234e+02
2.078446e+01    8.732086e+02
2.088838e+01    8.549261e+02
2.099282e+01    8.370638e+02
2.109778e+01    8.224870e+02
2.120327e+01    8.081338e+02
2.130929e+01    7.923538e+02
2.141584e+01    7.768709e+02
2.152292e+01    7.612169e+02
2.163053e+01    7.458593e+02
2.173868e+01    7.301464e+02
2.184738e+01    7.148169e+02
2.195661e+01    7.013513e+02
2.206640e+01    6.879307e+02
2.217673e+01    6.694999e+02
2.228761e+01    6.519001e+02
2.239905e+01    6.422609e+02
2.251104e+01    6.326823e+02
2.262360e+01    6.216184e+02
2.273672e+01    6.106828e+02
2.285040e+01    5.987769e+02
2.296465e+01    5.870914e+02
2.307948e+01    5.754450e+02
2.319487e+01    5.640118e+02
2.331085e+01    5.525431e+02
2.342740e+01    5.412353e+02
2.354454e+01    5.291736e+02
2.366226e+01    5.174198e+02
2.378057e+01    5.064206e+02
2.389948e+01    4.958736e+02
2.401897e+01    4.881196e+02
2.413907e+01    4.803340e+02
2.425976e+01    4.709891e+02
2.438106e+01    4.618115e+02
2.450297e+01    4.526640e+02
2.462548e+01    4.436777e+02
2.474861e+01    4.346765e+02
2.487235e+01    4.258752e+02
2.499672e+01    4.174097e+02
2.512170e+01    4.091383e+02
2.524731e+01    4.012540e+02
2.537354e+01    3.935031e+02
2.550041e+01    3.857487e+02
2.562791e+01    3.781261e+02
2.575605e+01    3.704895e+02
2.588483e+01    3.629259e+02
2.601426e+01    3.549139e+02
2.614433e+01    3.472519e+02
2.627505e+01    3.409806e+02
2.640643e+01    3.347354e+02
2.653846e+01    3.280143e+02
2.667115e+01    3.215273e+02
2.680451e+01    3.158113e+02
2.693853e+01    3.101079e+02
2.707322e+01    3.039544e+02
2.720859e+01    2.978686e+02
2.734463e+01    2.915810e+02
2.748135e+01    2.853115e+02
2.761876e+01    2.785234e+02
2.775685e+01    2.721773e+02
2.789564e+01    2.675179e+02
2.803512e+01    2.628679e+02
2.817529e+01    2.579260e+02
2.831617e+01    2.529995e+02
2.845775e+01    2.477727e+02
2.860004e+01    2.424890e+02
2.874304e+01    2.365108e+02
2.888675e+01    2.310738e+02
2.903119e+01    2.276333e+02
2.917634e+01    2.240719e+02
2.932223e+01    2.197755e+02
2.946884e+01    2.153589e+02
2.961618e+01    2.101357e+02
2.976426e+01    2.051741e+02
2.991308e+01    2.009067e+02
3.006265e+01    1.969675e+02
3.021296e+01    1.941022e+02
3.036403e+01    1.910923e+02
3.051585e+01    1.873785e+02
3.066843e+01    1.837245e+02
3.082177e+01    1.800929e+02
3.097588e+01    1.765338e+02
3.113076e+01    1.730476e+02
3.128641e+01    1.696199e+02
3.144284e+01    1.662217e+02
3.160006e+01    1.628805e+02
3.175806e+01    1.595665e+02
3.191685e+01    1.562538e+02
3.207643e+01    1.527813e+02
3.223681e+01    1.495469e+02
3.239800e+01    1.469227e+02
3.255999e+01    1.442810e+02
3.272279e+01    1.414790e+02
3.288640e+01    1.387224e+02
3.305083e+01    1.359911e+02
3.321609e+01    1.332960e+02
3.338217e+01    1.306002e+02
3.354908e+01    1.279720e+02
3.371682e+01    1.254361e+02
3.388541e+01    1.229560e+02
3.405484e+01    1.205412e+02
3.422511e+01    1.181628e+02
3.439623e+01    1.158001e+02
3.456822e+01    1.134678e+02
3.474106e+01    1.111355e+02
3.491476e+01    1.088715e+02
3.508934e+01    1.067088e+02
3.526478e+01    1.045976e+02
3.544111e+01    1.025507e+02
3.561831e+01    1.005351e+02
3.579640e+01    9.853665e+01
3.597539e+01    9.650480e+01
3.615526e+01    9.433125e+01
3.633604e+01    9.227732e+01
3.651772e+01    9.044145e+01
3.670031e+01    8.865832e+01
3.688381e+01    8.694921e+01
3.706823e+01    8.529464e+01
3.725357e+01    8.372211e+01
3.743984e+01    8.216321e+01
3.762704e+01    8.059825e+01
3.781517e+01    7.903498e+01
3.800425e+01    7.743930e+01
3.819427e+01    7.585796e+01
3.838524e+01    7.426997e+01
3.857717e+01    7.267333e+01
3.877005e+01    7.102204e+01
3.896390e+01    6.953515e+01
3.915872e+01    6.834395e+01
3.935452e+01    6.713914e+01
3.955129e+01    6.588625e+01
3.974904e+01    6.463300e+01
3.994779e+01    6.335633e+01
4.014753e+01    6.210804e+01
4.034827e+01    6.089050e+01
4.055001e+01    5.968952e+01
4.075276e+01    5.849829e+01
4.095652e+01    5.732890e+01
4.116130e+01    5.617924e+01
4.136711e+01    5.503803e+01
4.157395e+01    5.389342e+01
4.178182e+01    5.279130e+01
4.199073e+01    5.174499e+01
4.220068e+01    5.073343e+01
4.241168e+01    4.976608e+01
4.262374e+01    4.880390e+01
4.283686e+01    4.783766e+01
4.305104e+01    4.688705e+01
4.326630e+01    4.594946e+01
4.348263e+01    4.503020e+01
4.370004e+01    4.412866e+01
4.391854e+01    4.325100e+01
4.413814e+01    4.240015e+01
4.435883e+01    4.155397e+01
4.458062e+01    4.070578e+01
4.480352e+01    3.981071e+01
4.502754e+01    3.883715e+01
4.525268e+01    3.799526e+01
4.547894e+01    3.733415e+01
4.570634e+01    3.667646e+01
4.593487e+01    3.601842e+01
4.616454e+01    3.534070e+01
4.639537e+01    3.463031e+01
4.662734e+01    3.392823e+01
4.686048e+01    3.323196e+01
4.709478e+01    3.257289e+01
4.733026e+01    3.195866e+01
4.756691e+01    3.134111e+01
4.780474e+01    3.071528e+01
4.804377e+01    3.010438e+01
4.828398e+01    2.950886e+01
4.852540e+01    2.891576e+01
4.876803e+01    2.832236e+01
4.901187e+01    2.769170e+01
4.925693e+01    2.701225e+01
4.950322e+01    2.644831e+01
4.975073e+01    2.602024e+01
4.999949e+01    2.557123e+01
5.024948e+01    2.509573e+01
5.050073e+01    2.461580e+01
5.075323e+01    2.412909e+01
5.100700e+01    2.365074e+01
5.126204e+01    2.318036e+01
5.151835e+01    2.271660e+01
5.177594e+01    2.225896e+01
5.203482e+01    2.177418e+01
5.229499e+01    2.125893e+01
5.255647e+01    2.081769e+01
5.281925e+01    2.045437e+01
5.308334e+01    2.008435e+01
5.334876e+01    1.970682e+01
5.361551e+01    1.932217e+01
5.388358e+01    1.892987e+01
5.415300e+01    1.853731e+01
5.442377e+01    1.814429e+01
5.469588e+01    1.777500e+01
5.496936e+01    1.742902e+01
5.524421e+01    1.706434e+01
5.552043e+01    1.668180e+01
5.579803e+01    1.635626e+01
5.607702e+01    1.608494e+01
5.635741e+01    1.579175e+01
5.663920e+01    1.547844e+01
5.692239e+01    1.517218e+01
5.720700e+01    1.487276e+01
5.749304e+01    1.457401e+01
5.778050e+01    1.427641e+01
5.806941e+01    1.399105e+01
5.835975e+01    1.371699e+01
5.865155e+01    1.344785e+01
5.894481e+01    1.318358e+01
5.923953e+01    1.292254e+01
5.953573e+01    1.266495e+01
5.983341e+01    1.241185e+01
6.013258e+01    1.216325e+01
6.043324e+01    1.191807e+01
6.073541e+01    1.167652e+01
6.103908e+01    1.143189e+01
6.134428e+01    1.118581e+01
6.165100e+01    1.094459e+01
6.195926e+01    1.070821e+01
6.226905e+01    1.050718e+01
6.258040e+01    1.033392e+01
6.289330e+01    1.014411e+01
6.320777e+01    9.942738e+00
6.352380e+01    9.743966e+00
6.384142e+01    9.548107e+00
6.416063e+01    9.349353e+00
6.448143e+01    9.149658e+00
6.480384e+01    8.959865e+00
6.512786e+01    8.778122e+00
6.545350e+01    8.607773e+00
6.578077e+01    8.446250e+00
6.610967e+01    8.281344e+00
6.644022e+01    8.115166e+00
6.677242e+01    7.941934e+00
6.710628e+01    7.765289e+00
6.744181e+01    7.614218e+00
6.777902e+01    7.480685e+00
6.811792e+01    7.336361e+00
6.845851e+01    7.186178e+00
6.880080e+01    7.034657e+00
6.914480e+01    6.883489e+00
6.949053e+01    6.751554e+00
6.983798e+01    6.632279e+00
7.018717e+01    6.505600e+00
7.053811e+01    6.375456e+00
7.089080e+01    6.248904e+00
7.124525e+01    6.125462e+00
7.160148e+01    6.004203e+00
7.195948e+01    5.885194e+00
7.231928e+01    5.767874e+00
7.268088e+01    5.652503e+00
7.304428e+01    5.539335e+00
7.340950e+01    5.428372e+00
7.377655e+01    5.319307e+00
7.414543e+01    5.212253e+00
7.451616e+01    5.107696e+00
7.488874e+01    5.005422e+00
7.526319e+01    4.898696e+00
7.563950e+01    4.790788e+00
7.601770e+01    4.684633e+00
7.639779e+01    4.580505e+00
7.677978e+01    4.497460e+00
7.716368e+01    4.425547e+00
7.754949e+01    4.343122e+00
7.793724e+01    4.256415e+00
7.832693e+01    4.172100e+00
7.871856e+01    4.089779e+00
7.911216e+01    4.009628e+00
7.950772e+01    3.931307e+00
7.990526e+01    3.850452e+00
8.030478e+01    3.769366e+00
8.070631e+01    3.694014e+00
8.110984e+01    3.622007e+00
8.151539e+01    3.550945e+00
8.192296e+01    3.481072e+00
8.233258e+01    3.411942e+00
8.274424e+01    3.343911e+00
8.315796e+01    3.276890e+00
8.357375e+01    3.211065e+00
8.399162e+01    3.146580e+00
8.441158e+01    3.083396e+00
8.483364e+01    3.021900e+00
8.525780e+01    2.961800e+00
8.568409e+01    2.902723e+00
8.611251e+01    2.844757e+00
8.654308e+01    2.787681e+00
8.697579e+01    2.731648e+00
8.741067e+01    2.674844e+00
8.784772e+01    2.618506e+00
8.828696e+01    2.559141e+00
8.872840e+01    2.499578e+00
8.917204e+01    2.453124e+00
8.961790e+01    2.411758e+00
9.006599e+01    2.367572e+00
9.051632e+01    2.322963e+00
9.096890e+01    2.276867e+00
9.142375e+01    2.230893e+00
9.188086e+01    2.181440e+00
9.234027e+01    2.131624e+00
9.280197e+01    2.091117e+00
9.326598e+01    2.054033e+00
9.373231e+01    2.014476e+00
9.420097e+01    1.974697e+00
9.467198e+01    1.933872e+00
9.514534e+01    1.893332e+00
9.562106e+01    1.857234e+00
9.609917e+01    1.822899e+00
9.657966e+01    1.787318e+00
9.706256e+01    1.751887e+00
9.754787e+01    1.716848e+00
9.803561e+01    1.682422e+00
9.852579e+01    1.648908e+00
9.901842e+01    1.616122e+00
9.951351e+01    1.583585e+00
1.000111e+02    1.551596e+00
1.005111e+02    1.519797e+00
1.010137e+02    1.488531e+00
1.015188e+02    1.458749e+00
1.020264e+02    1.429772e+00
1.025365e+02    1.400911e+00
1.030492e+02    1.372522e+00
1.035644e+02    1.345044e+00
1.040822e+02    1.318195e+00
1.046026e+02    1.292570e+00
1.051257e+02    1.267600e+00
1.056513e+02    1.242506e+00
1.061795e+02    1.217776e+00
1.067104e+02    1.193404e+00
1.072440e+02    1.169490e+00
1.077802e+02    1.146709e+00
1.083191e+02    1.124505e+00
1.088607e+02    1.101643e+00
1.094050e+02    1.079030e+00
1.099520e+02    1.055259e+00
1.105018e+02    1.031701e+00
1.110543e+02    1.007237e+00
1.116096e+02    9.830903e-01
1.121676e+02    9.673732e-01
1.127285e+02    9.533185e-01
1.132921e+02    9.355102e-01
1.138586e+02    9.173568e-01
1.144279e+02    8.987280e-01
1.150000e+02    8.803412e-01
1.155750e+02    8.627083e-01
1.161529e+02    8.454883e-01
1.167336e+02    8.288046e-01
1.173173e+02    8.124792e-01
1.179039e+02    7.961119e-01
1.184934e+02    7.800215e-01
1.190859e+02    7.642212e-01
1.196813e+02    7.487361e-01
1.202797e+02    7.341680e-01
1.208811e+02    7.199633e-01
1.214855e+02    7.056558e-01
1.220930e+02    6.915849e-01
1.227034e+02    6.777411e-01
1.233169e+02    6.641681e-01
1.239335e+02    6.508786e-01
1.245532e+02    6.378563e-01
1.251760e+02    6.250816e-01
1.258018e+02    6.125614e-01
1.264308e+02    6.002879e-01
1.270630e+02    5.882598e-01
1.276983e+02    5.762762e-01
1.283368e+02    5.645179e-01
1.289785e+02    5.525465e-01
1.296234e+02    5.407882e-01
1.302715e+02    5.301622e-01
1.309229e+02    5.198197e-01
1.315775e+02    5.085715e-01
1.322354e+02    4.974797e-01
1.328965e+02    4.887241e-01
1.335610e+02    4.802765e-01
1.342288e+02    4.708159e-01
1.349000e+02    4.614635e-01
1.355745e+02    4.520027e-01
1.362523e+02    4.427176e-01
1.369336e+02    4.336251e-01
1.376183e+02    4.247194e-01
1.383064e+02    4.155817e-01
1.389979e+02    4.066193e-01
1.396929e+02    3.994761e-01
1.403913e+02    3.925331e-01
1.410933e+02    3.847539e-01
1.417988e+02    3.770902e-01
1.425078e+02    3.695382e-01
1.432203e+02    3.621361e-01
1.439364e+02    3.548548e-01
1.446561e+02    3.477192e-01
1.453794e+02    3.407099e-01
1.461063e+02    3.338415e-01
1.468368e+02    3.271082e-01
1.475710e+02    3.205105e-01
1.483088e+02    3.138290e-01
1.490504e+02    3.072835e-01
1.497956e+02    3.013249e-01
1.505446e+02    2.954862e-01
1.512973e+02    2.897296e-01
1.520538e+02    2.840849e-01
1.528141e+02    2.783513e-01
1.535782e+02    2.727302e-01
1.543460e+02    2.666155e-01
1.551178e+02    2.606488e-01
1.558934e+02    2.558903e-01
1.566728e+02    2.512153e-01
1.574562e+02    2.463994e-01
1.582435e+02    2.416718e-01
1.590347e+02    2.368405e-01
1.598299e+02    2.321057e-01
1.606290e+02    2.274647e-01
1.614322e+02    2.229163e-01
1.622393e+02    2.184521e-01
1.630505e+02    2.140769e-01
1.638658e+02    2.097760e-01
1.646851e+02    2.055604e-01
1.655085e+02    2.014027e-01
1.663361e+02    1.973272e-01
1.671677e+02    1.932965e-01
1.680036e+02    1.893282e-01
1.688436e+02    1.850671e-01
1.696878e+02    1.809471e-01
1.705363e+02    1.776848e-01
1.713889e+02    1.744694e-01
1.722459e+02    1.711278e-01
1.731071e+02    1.678408e-01
1.739726e+02    1.644822e-01
1.748425e+02    1.611898e-01
1.757167e+02    1.579513e-01
1.765953e+02    1.547824e-01
1.774783e+02    1.517329e-01
1.783657e+02    1.487332e-01
1.792575e+02    1.456748e-01
1.801538e+02    1.426709e-01
1.810546e+02    1.396381e-01
1.819598e+02    1.367067e-01
1.828696e+02    1.342048e-01
1.837840e+02    1.317264e-01
1.847029e+02    1.290839e-01
1.856264e+02    1.264944e-01
1.865545e+02    1.239572e-01
1.874873e+02    1.214742e-01
1.884248e+02    1.190682e-01
1.893669e+02    1.167071e-01
1.903137e+02    1.143697e-01
1.912653e+02    1.120783e-01
1.922216e+02    1.098261e-01
1.931827e+02    1.076111e-01
1.941486e+02    1.053820e-01
1.951194e+02    1.032201e-01
1.960950e+02    1.012483e-01
1.970754e+02    9.929896e-02
1.980608e+02    9.728750e-02
1.990511e+02    9.531798e-02
2.000464e+02    9.339591e-02
2.010466e+02    9.150749e-02
2.020518e+02    8.962636e-02
2.030621e+02    8.776689e-02
2.040774e+02    8.584707e-02
2.050978e+02    8.402484e-02
2.061233e+02    8.255310e-02
2.071539e+02    8.106451e-02
2.081897e+02    7.937294e-02
2.092306e+02    7.772723e-02
2.102768e+02    7.617044e-02
2.113282e+02    7.465678e-02
2.123848e+02    7.323303e-02
2.134467e+02    7.182555e-02
2.145140e+02    7.039258e-02
2.155865e+02    6.899032e-02
2.166645e+02    6.762588e-02
2.177478e+02    6.627865e-02
2.188365e+02    6.491422e-02
2.199307e+02    6.357565e-02
2.210304e+02    6.225499e-02
2.221355e+02    6.098023e-02
2.232462e+02    5.980942e-02
2.243624e+02    5.865412e-02
2.254842e+02    5.749268e-02
2.266117e+02    5.635236e-02
2.277447e+02    5.522726e-02
2.288834e+02    5.412376e-02
2.300279e+02    5.303895e-02
2.311780e+02    5.197624e-02
2.323339e+02    5.093612e-02
2.334956e+02    4.991677e-02
2.346630e+02    4.891763e-02
2.358363e+02    4.793786e-02
2.370155e+02    4.697549e-02
2.382006e+02    4.602533e-02
2.393916e+02    4.507017e-02
2.405886e+02    4.412429e-02
2.417915e+02    4.316340e-02
2.430005e+02    4.224820e-02
2.442155e+02    4.143220e-02
2.454365e+02    4.063818e-02
2.466637e+02    3.987891e-02
2.478971e+02    3.911833e-02
2.491365e+02    3.832498e-02
2.503822e+02    3.755547e-02
2.516341e+02    3.682444e-02
2.528923e+02    3.610430e-02
2.541568e+02    3.538856e-02
2.554275e+02    3.468544e-02
2.567047e+02    3.399183e-02
2.579882e+02    3.331199e-02
2.592781e+02    3.264546e-02
2.605745e+02    3.199202e-02
2.618774e+02    3.135100e-02
2.631868e+02    3.072291e-02
2.645027e+02    3.010765e-02
2.658252e+02    2.950482e-02
2.671544e+02    2.891438e-02
2.684901e+02    2.833777e-02
2.698326e+02    2.777764e-02
2.711818e+02    2.722402e-02
2.725377e+02    2.667038e-02
2.739004e+02    2.612087e-02
2.752699e+02    2.556579e-02
2.766462e+02    2.503806e-02
2.780294e+02    2.455720e-02
2.794196e+02    2.407940e-02
2.808167e+02    2.359694e-02
2.822208e+02    2.312699e-02
2.836319e+02    2.267269e-02
2.850500e+02    2.221283e-02
2.864753e+02    2.173114e-02
2.879077e+02    2.127943e-02
2.893472e+02    2.087825e-02
2.907939e+02    2.048115e-02
2.922479e+02    2.008441e-02
2.937091e+02    1.969117e-02
2.951777e+02    1.929723e-02
2.966536e+02    1.891107e-02
2.981368e+02    1.853243e-02
2.996275e+02    1.816137e-02
3.011257e+02    1.779774e-02
3.026313e+02    1.744137e-02
3.041444e+02    1.709208e-02
3.056652e+02    1.674969e-02
3.071935e+02    1.641399e-02
3.087295e+02    1.608281e-02
3.102731e+02    1.575433e-02
3.118245e+02    1.542764e-02
3.133836e+02    1.509909e-02
3.149505e+02    1.479272e-02
3.165253e+02    1.451881e-02
3.181079e+02    1.424317e-02
3.196984e+02    1.396127e-02
3.212969e+02    1.368382e-02
3.229034e+02    1.341005e-02
3.245179e+02    1.314172e-02
3.261405e+02    1.287870e-02
3.277712e+02    1.262098e-02
3.294101e+02    1.236846e-02
3.310571e+02    1.212034e-02
3.327124e+02    1.187616e-02
3.343760e+02    1.162720e-02
3.360479e+02    1.136874e-02
3.377281e+02    1.113450e-02
3.394167e+02    1.093261e-02
3.411138e+02    1.072795e-02
3.428194e+02    1.051774e-02
3.445335e+02    1.030915e-02
3.462562e+02    1.010111e-02
3.479874e+02    9.896895e-03
3.497274e+02    9.696285e-03
3.514760e+02    9.498417e-03
3.532334e+02    9.302771e-03
3.549996e+02    9.116305e-03
3.567746e+02    8.940497e-03
3.585584e+02    8.767965e-03
3.603512e+02    8.598615e-03
3.621530e+02    8.429037e-03
3.639637e+02    8.258292e-03
3.657836e+02    8.091495e-03
3.676125e+02    7.928684e-03
3.694505e+02    7.769493e-03
3.712978e+02    7.613925e-03
3.731543e+02    7.461504e-03
3.750200e+02    7.312173e-03
3.768951e+02    7.165840e-03
3.787796e+02    7.022446e-03
3.806735e+02    6.881849e-03
3.825769e+02    6.743983e-03
3.844898e+02    6.608771e-03
3.864122e+02    6.476145e-03
3.883443e+02    6.341691e-03
3.902860e+02    6.205004e-03
3.922374e+02    6.078598e-03
3.941986e+02    5.962833e-03
3.961696e+02    5.845661e-03
3.981505e+02    5.726903e-03
4.001412e+02    5.613494e-03
4.021419e+02    5.505432e-03
4.041526e+02    5.397926e-03
4.061734e+02    5.290943e-03
4.082043e+02    5.185628e-03
4.102453e+02    5.081953e-03
4.122965e+02    4.980308e-03
4.143580e+02    4.880655e-03
4.164298e+02    4.782979e-03
4.185119e+02    4.687241e-03
4.206045e+02    4.593483e-03
4.227075e+02    4.501663e-03
4.248211e+02    4.411659e-03
4.269452e+02    4.323437e-03
4.290799e+02    4.236931e-03
4.312253e+02    4.152111e-03
4.333814e+02    4.069001e-03
4.355483e+02    3.987565e-03
4.377261e+02    3.907631e-03
4.399147e+02    3.829188e-03
4.421143e+02    3.751472e-03
4.443248e+02    3.674599e-03
4.465465e+02    3.598755e-03
4.487792e+02    3.524012e-03
4.510231e+02    3.451960e-03
4.532782e+02    3.382327e-03
4.555446e+02    3.317058e-03
4.578223e+02    3.255464e-03
4.601114e+02    3.192545e-03
4.624120e+02    3.128869e-03
4.647240e+02    3.066347e-03
4.670477e+02    3.004984e-03
4.693829e+02    2.944863e-03
4.717298e+02    2.885955e-03
4.740885e+02    2.828232e-03
4.764589e+02    2.771669e-03
4.788412e+02    2.716214e-03
4.812354e+02    2.661852e-03
4.836416e+02    2.608580e-03
4.860598e+02    2.556376e-03
4.884901e+02    2.505179e-03
4.909325e+02    2.454979e-03
4.933872e+02    2.405230e-03
4.958541e+02    2.356104e-03
4.983334e+02    2.308676e-03
5.008251e+02    2.262675e-03
5.033292e+02    2.217978e-03
5.058459e+02    2.174422e-03
5.083751e+02    2.131213e-03
5.109170e+02    2.088530e-03
5.134715e+02    2.045184e-03
5.160389e+02    2.001770e-03
5.186191e+02    1.961583e-03
5.212122e+02    1.923647e-03
5.238182e+02    1.886376e-03
5.264373e+02    1.849786e-03
5.290695e+02    1.813232e-03
5.317149e+02    1.776998e-03
5.343734e+02    1.741507e-03
5.370453e+02    1.706735e-03
5.397305e+02    1.673296e-03
5.424292e+02    1.640880e-03
5.451413e+02    1.607670e-03
5.478670e+02    1.574333e-03
5.506064e+02    1.541877e-03
5.533594e+02    1.510196e-03
5.561262e+02    1.480171e-03
5.589068e+02    1.451285e-03
5.617014e+02    1.422631e-03
5.645099e+02    1.394368e-03
5.673324e+02    1.366550e-03
5.701691e+02    1.339228e-03
5.730199e+02    1.312444e-03
5.758850e+02    1.286193e-03
5.787645e+02    1.260447e-03
5.816583e+02    1.235205e-03
5.845666e+02    1.209645e-03
5.874894e+02    1.184215e-03
5.904269e+02    1.160320e-03
5.933790e+02    1.137379e-03
5.963459e+02    1.115344e-03
5.993276e+02    1.093943e-03
6.023243e+02    1.072352e-03
6.053359e+02    1.050917e-03
6.083626e+02    1.029913e-03
6.114044e+02    1.009330e-03
6.144614e+02    9.891539e-04
6.175337e+02    9.693797e-04
6.206214e+02    9.499927e-04
6.237245e+02    9.309900e-04
6.268431e+02    9.123690e-04
6.299773e+02    8.941210e-04
6.331272e+02    8.762493e-04
6.362928e+02    8.587392e-04
6.394743e+02    8.415688e-04
6.426717e+02    8.247376e-04
6.458850e+02    8.082523e-04
6.491145e+02    7.921001e-04
6.523600e+02    7.762585e-04
6.556218e+02    7.607291e-04
6.588999e+02    7.454331e-04
6.621944e+02    7.304167e-04
6.655054e+02    7.151039e-04
6.688329e+02    6.999004e-04
6.721771e+02    6.863138e-04
6.755380e+02    6.734385e-04
6.789157e+02    6.602755e-04
6.823103e+02    6.471918e-04
6.857218e+02    6.342830e-04
6.891504e+02    6.216041e-04
6.925962e+02    6.091797e-04
6.960591e+02    5.970039e-04
6.995394e+02    5.850692e-04
7.030371e+02    5.733723e-04
7.065523e+02    5.619096e-04
7.100851e+02    5.506760e-04
7.136355e+02    5.396636e-04
7.172037e+02    5.288705e-04
7.207897e+02    5.182965e-04
7.243937e+02    5.079349e-04
7.280156e+02    4.977751e-04
7.316557e+02    4.878170e-04
7.353140e+02    4.780655e-04
7.389906e+02    4.685109e-04
7.426855e+02    4.591081e-04
7.463989e+02    4.498837e-04
7.501309e+02    4.404502e-04
7.538816e+02    4.311143e-04
7.576510e+02    4.227645e-04
7.614392e+02    4.147709e-04
7.652464e+02    4.066419e-04
7.690727e+02    3.986038e-04
7.729180e+02    3.906557e-04
7.767826e+02    3.828501e-04
7.806665e+02    3.751966e-04
7.845699e+02    3.676952e-04
7.884927e+02    3.603448e-04
7.924352e+02    3.531415e-04
7.963974e+02    3.460816e-04
8.003793e+02    3.391627e-04
8.043812e+02    3.323856e-04
8.084032e+02    3.257446e-04
8.124452e+02    3.192338e-04
8.165074e+02    3.128526e-04
8.205899e+02    3.065988e-04
8.246929e+02    3.004699e-04
8.288163e+02    2.944587e-04
8.329604e+02    2.885668e-04
8.371252e+02    2.827013e-04
8.413109e+02    2.769389e-04
8.455174e+02    2.712546e-04
8.497450e+02    2.656805e-04
8.539937e+02    2.605611e-04
8.582637e+02    2.555953e-04
8.625550e+02    2.505291e-04
8.668678e+02    2.455330e-04
8.712021e+02    2.406242e-04
8.755581e+02    2.358117e-04
8.799359e+02    2.310996e-04
8.843356e+02    2.264822e-04
8.887573e+02    2.219575e-04
8.932011e+02    2.175232e-04
8.976671e+02    2.131764e-04
9.021554e+02    2.089164e-04
9.066662e+02    2.047396e-04
9.111995e+02    2.006460e-04
9.157555e+02    1.966356e-04
9.203343e+02    1.927054e-04
9.249360e+02    1.888520e-04
9.295606e+02    1.850756e-04
9.342084e+02    1.813389e-04
9.388795e+02    1.776739e-04
9.435739e+02    1.739704e-04
9.482918e+02    1.703330e-04
9.530332e+02    1.670824e-04
9.577984e+02    1.639228e-04
9.625874e+02    1.606734e-04
9.674003e+02    1.574754e-04
9.722373e+02    1.543387e-04
9.770985e+02    1.512644e-04
9.819840e+02    1.483804e-04
9.868939e+02    1.455612e-04
9.918284e+02    1.425232e-04
9.967875e+02    1.395294e-04
1.001771e+03    1.367570e-04
1.006780e+03    1.340500e-04
1.011814e+03    1.314054e-04
1.016873e+03    1.288136e-04
1.021958e+03    1.262694e-04
1.027067e+03    1.237752e-04
1.032203e+03    1.213303e-04
1.037364e+03    1.189338e-04
1.042551e+03    1.165845e-04
1.047763e+03    1.142817e-04
1.053002e+03    1.120243e-04
1.058267e+03    1.098115e-04
1.063559e+03    1.076425e-04
1.068876e+03    1.055162e-04
1.074221e+03    1.034320e-04
1.079592e+03    1.013890e-04
1.084990e+03    9.938628e-05
1.090415e+03    9.742314e-05
1.095867e+03    9.549878e-05
1.101346e+03    9.361243e-05
1.106853e+03    9.176334e-05
1.112387e+03    8.995078e-05
1.117949e+03    8.817402e-05
1.123539e+03    8.643235e-05
1.129156e+03    8.472509e-05
1.134802e+03    8.305155e-05
1.140476e+03    8.141106e-05
1.146179e+03    7.980298e-05
1.151910e+03    7.822667e-05
1.157669e+03    7.668149e-05
1.163457e+03    7.516683e-05
1.169275e+03    7.368209e-05
1.175121e+03    7.222668e-05
1.180997e+03    7.080001e-05
1.186902e+03    6.940153e-05
1.192836e+03    6.803067e-05
1.198800e+03    6.668688e-05
1.204794e+03    6.536964e-05
1.210818e+03    6.407842e-05
1.216872e+03    6.281271e-05
1.222957e+03    6.157199e-05
1.229072e+03    6.035579e-05
1.235217e+03    5.916360e-05
1.241393e+03    5.799497e-05
1.247600e+03    5.684942e-05
1.253838e+03    5.572649e-05
1.260107e+03    5.462575e-05
1.266408e+03    5.354675e-05
1.272740e+03    5.248906e-05
1.279103e+03    5.145227e-05
1.285499e+03    5.043595e-05
1.291926e+03    4.943971e-05
1.298386e+03    4.846315e-05
1.304878e+03    4.750587e-05
1.311402e+03    4.656751e-05
1.317959e+03    4.564768e-05
1.324549e+03    4.474602e-05
1.331172e+03    4.386217e-05
1.337828e+03    4.299578e-05
1.344517e+03    4.214650e-05
1.351240e+03    4.131400e-05
1.357996e+03    4.049794e-05
1.364786e+03    3.969800e-05
1.371610e+03    3.891386e-05
1.378468e+03    3.814521e-05
1.385360e+03    3.739174e-05
1.392287e+03    3.665316e-05
1.399248e+03    3.592916e-05
1.406245e+03    3.521947e-05
1.413276e+03    3.452379e-05
1.420342e+03    3.384186e-05
1.427444e+03    3.317339e-05
1.434581e+03    3.251813e-05
1.441754e+03    3.187582e-05
1.448963e+03    3.124619e-05
1.456208e+03    3.062899e-05
1.463489e+03    3.002399e-05
1.470806e+03    2.943094e-05
1.478160e+03    2.884960e-05
1.485551e+03    2.827975e-05
1.492979e+03    2.772115e-05
1.500444e+03    2.717358e-05
1.507946e+03    2.663683e-05
1.515485e+03    2.611069e-05
1.523063e+03    2.559493e-05
1.530678e+03    2.508937e-05
1.538332e+03    2.459379e-05
1.546023e+03    2.410800e-05
1.553753e+03    2.363180e-05
1.561522e+03    2.316501e-05
1.569330e+03    2.270744e-05
1.577176e+03    2.225891e-05
1.585062e+03    2.181924e-05
1.592988e+03    2.138825e-05
1.600953e+03    2.096578e-05
1.608957e+03    2.055165e-05
1.617002e+03    2.014570e-05
1.625087e+03    1.974777e-05
1.633213e+03    1.935770e-05
1.641379e+03    1.897534e-05
1.649585e+03    1.860052e-05
1.657833e+03    1.823312e-05
1.666123e+03    1.787296e-05
1.674453e+03    1.751993e-05
1.682825e+03    1.717386e-05
1.691240e+03    1.683463e-05
1.699696e+03    1.650211e-05
1.708194e+03    1.617615e-05
1.716735e+03    1.585663e-05
1.725319e+03    1.554342e-05
1.733946e+03    1.523639e-05
1.742615e+03    1.493544e-05
1.751328e+03    1.464042e-05
1.760085e+03    1.435124e-05
1.768885e+03    1.406776e-05
1.777730e+03    1.378989e-05
1.786618e+03    1.351750e-05
1.795552e+03    1.325049e-05
1.804529e+03    1.298876e-05
1.813552e+03    1.273220e-05
1.822620e+03    1.248071e-05
1.831733e+03    1.223418e-05
1.840891e+03    1.199252e-05
1.850096e+03    1.175564e-05
1.859346e+03    1.152344e-05
1.868643e+03    1.129582e-05
1.877986e+03    1.107270e-05
1.887376e+03    1.085398e-05
1.896813e+03    1.063959e-05
1.906297e+03    1.042943e-05
1.915829e+03    1.022342e-05
1.925408e+03    1.002148e-05
1.935035e+03    9.823530e-06
1.944710e+03    9.629490e-06
1.954434e+03    9.439283e-06
1.964206e+03    9.252832e-06
1.974027e+03    9.070065e-06
1.983897e+03    8.890907e-06
1.993816e+03    8.715289e-06
2.003786e+03    8.543139e-06
2.013804e+03    8.374390e-06
2.023873e+03    8.208974e-06
2.033993e+03    8.046826e-06
2.044163e+03    7.887880e-06
2.054384e+03    7.732074e-06
2.064656e+03    7.579345e-06
2.074979e+03    7.429633e-06
2.085354e+03    7.282879e-06
2.095780e+03    7.139023e-06
2.106259e+03    6.998009e-06
2.116791e+03    6.859780e-06
2.127375e+03    6.724281e-06
2.138012e+03    6.591459e-06
2.148702e+03    6.461261e-06
2.159445e+03    6.333634e-06
2.170242e+03    6.208528e-06
2.181094e+03    6.085894e-06
2.191999e+03    5.965682e-06
2.202959e+03    5.847844e-06
2.213974e+03    5.732334e-06
2.225044e+03    5.619105e-06
2.236169e+03    5.508113e-06
2.247350e+03    5.399314e-06
2.258586e+03    5.292663e-06
2.269879e+03    5.188120e-06
2.281229e+03    5.085641e-06
2.292635e+03    4.985186e-06
2.304098e+03    4.886716e-06
2.315619e+03    4.790190e-06
2.327197e+03    4.695572e-06
2.338833e+03    4.602822e-06
2.350527e+03    4.511904e-06
2.362279e+03    4.422782e-06
2.374091e+03    4.335421e-06
2.385961e+03    4.249785e-06
2.397891e+03    4.165841e-06
2.409881e+03    4.083555e-06
2.421930e+03    4.002894e-06
2.434040e+03    3.923826e-06
2.446210e+03    3.846321e-06
2.458441e+03    3.770346e-06
2.470733e+03    3.695872e-06
2.483087e+03    3.622868e-06
2.495502e+03    3.551307e-06
2.507980e+03    3.481160e-06
2.520520e+03    3.412398e-06
2.533122e+03    3.344994e-06
2.545788e+03    3.278922e-06
2.558517e+03    3.214155e-06
2.571309e+03    3.150667e-06
2.584166e+03    3.088433e-06
2.597087e+03    3.027428e-06
2.610072e+03    2.967629e-06
2.623122e+03    2.909010e-06
2.636238e+03    2.851550e-06
2.649419e+03    2.795224e-06
2.662666e+03    2.740011e-06
2.675980e+03    2.685889e-06
2.689360e+03    2.632836e-06
2.702806e+03    2.580830e-06
2.716320e+03    2.529852e-06
2.729902e+03    2.479881e-06
2.743552e+03    2.430897e-06
2.757269e+03    2.382880e-06
2.771056e+03    2.335812e-06
2.784911e+03    2.289674e-06
2.798836e+03    2.244447e-06
2.812830e+03    2.200113e-06
2.826894e+03    2.156655e-06
2.841028e+03    2.114056e-06
2.855233e+03    2.072298e-06
2.869510e+03    2.031364e-06
2.883857e+03    1.991240e-06
2.898276e+03    1.951908e-06
2.912768e+03    1.913352e-06
2.927332e+03    1.875559e-06
2.941968e+03    1.838512e-06
2.956678e+03    1.802196e-06
2.971462e+03    1.766598e-06
2.986319e+03    1.731703e-06
3.001250e+03    1.697498e-06
3.016257e+03    1.663968e-06
3.031338e+03    1.631100e-06
3.046495e+03    1.598881e-06
3.061727e+03    1.567299e-06
3.077036e+03    1.536341e-06
3.092421e+03    1.505994e-06
3.107883e+03    1.476247e-06
3.123422e+03    1.447087e-06
3.139040e+03    1.418504e-06
3.154735e+03    1.390484e-06
3.170508e+03    1.363019e-06
3.186361e+03    1.336096e-06
3.202293e+03    1.309704e-06
3.218304e+03    1.283834e-06
3.234396e+03    1.258475e-06
3.250568e+03    1.233617e-06
3.266821e+03    1.209250e-06
3.283155e+03    1.185364e-06
3.299571e+03    1.161950e-06
3.316068e+03    1.138998e-06
3.332649e+03    1.116500e-06
3.349312e+03    1.094447e-06
3.366059e+03    1.072828e-06
3.382889e+03    1.051637e-06
3.399803e+03    1.030865e-06
3.416802e+03    1.010502e-06
3.433886e+03    9.905423e-07
3.451056e+03    9.709766e-07
3.468311e+03    9.517972e-07
3.485653e+03    9.329968e-07
3.503081e+03    9.145677e-07
3.520596e+03    8.965026e-07
3.538199e+03    8.787943e-07
3.555890e+03    8.614358e-07
3.573670e+03    8.444202e-07
3.591538e+03    8.277408e-07
3.609496e+03    8.113907e-07
3.627543e+03    7.953637e-07
3.645681e+03    7.796532e-07
3.663909e+03    7.642530e-07
3.682229e+03    7.491570e-07
3.700640e+03    7.343592e-07
3.719143e+03    7.198537e-07
3.737739e+03    7.056347e-07
3.756428e+03    6.916966e-07
3.775210e+03    6.780338e-07
3.794086e+03    6.646409e-07
3.813056e+03    6.515125e-07
3.832121e+03    6.386434e-07
3.851282e+03    6.260285e-07
3.870538e+03    6.136629e-07
3.889891e+03    6.015414e-07
3.909341e+03    5.896594e-07
3.928887e+03    5.780121e-07
3.948532e+03    5.665949e-07
3.968274e+03    5.554031e-07
3.988116e+03    5.444325e-07
4.008056e+03    5.336785e-07
4.028097e+03    5.231370e-07
4.048237e+03    5.128037e-07
4.068478e+03    5.026745e-07
4.088821e+03    4.927453e-07
4.109265e+03    4.830123e-07
4.129811e+03    4.734716e-07
4.150460e+03    4.641193e-07
4.171212e+03    4.549517e-07
4.192069e+03    4.459653e-07
4.213029e+03    4.371563e-07
4.234094e+03    4.285213e-07
4.255265e+03    4.200569e-07
4.276541e+03    4.117597e-07
4.297924e+03    4.036264e-07
4.319413e+03    3.956537e-07
4.341010e+03    3.878385e-07
4.362715e+03    3.801777e-07
4.384529e+03    3.726682e-07
4.406452e+03    3.653070e-07
4.428484e+03    3.580913e-07
4.450626e+03    3.510180e-07
4.472879e+03    3.440845e-07
4.495244e+03    3.372879e-07
4.517720e+03    3.306256e-07
4.540309e+03    3.240949e-07
4.563010e+03    3.176932e-07
4.585825e+03    3.114179e-07
4.608754e+03    3.052666e-07
4.631798e+03    2.992368e-07
4.654957e+03    2.933261e-07
4.678232e+03    2.875322e-07
4.701623e+03    2.818526e-07
4.725131e+03    2.762853e-07
4.748757e+03    2.708280e-07
4.772500e+03    2.654784e-07
4.796363e+03    2.602345e-07
4.820345e+03    2.550942e-07
4.844447e+03    2.500554e-07
4.868669e+03    2.451162e-07
4.893012e+03    2.402745e-07
4.917477e+03    2.355285e-07
4.942065e+03    2.308762e-07
4.966775e+03    2.263158e-07
4.991609e+03    2.218454e-07
5.016567e+03    2.174634e-07
5.041650e+03    2.131680e-07
5.066858e+03    2.089573e-07
5.092192e+03    2.048299e-07
5.117653e+03    2.007840e-07
5.143241e+03    1.968180e-07
5.168958e+03    1.929303e-07
5.194802e+03    1.891194e-07
5.220776e+03    1.853838e-07
5.246880e+03    1.817220e-07
5.273115e+03    1.781325e-07
5.299480e+03    1.746139e-07
5.325978e+03    1.711649e-07
5.352608e+03    1.677839e-07
5.379371e+03    1.644697e-07
5.406267e+03    1.612210e-07
5.433299e+03    1.580365e-07
5.460465e+03    1.549149e-07
5.487768e+03    1.518549e-07
5.515206e+03    1.488554e-07
5.542782e+03    1.459151e-07
5.570496e+03    1.430329e-07
5.598349e+03    1.402076e-07
5.626341e+03    1.374382e-07
5.654472e+03    1.347234e-07
5.682745e+03    1.320623e-07
5.711158e+03    1.294537e-07
5.739714e+03    1.268966e-07
5.768413e+03    1.243901e-07
5.797255e+03    1.219331e-07
5.826241e+03    1.195246e-07
5.855372e+03    1.171637e-07
5.884649e+03    1.148494e-07
5.914072e+03    1.125808e-07
5.943643e+03    1.103570e-07
5.973361e+03    1.081772e-07
6.003228e+03    1.060404e-07
6.033244e+03    1.039458e-07
6.063410e+03    1.018926e-07
6.093727e+03    9.987999e-08
6.124196e+03    9.790710e-08
6.154817e+03    9.597318e-08
6.185591e+03    9.407746e-08
6.216519e+03    9.221919e-08
6.247601e+03    9.039762e-08
6.278839e+03    8.861203e-08
6.310234e+03    8.686171e-08
6.341785e+03    8.514597e-08
6.373494e+03    8.346412e-08
6.405361e+03    8.181548e-08
6.437388e+03    8.019941e-08
6.469575e+03    7.861527e-08
6.501923e+03    7.706241e-08
6.534432e+03    7.554023e-08
6.567105e+03    7.404811e-08
6.599940e+03    7.258547e-08
6.632940e+03    7.115172e-08
6.666105e+03    6.974629e-08
6.699435e+03    6.836862e-08
6.732932e+03    6.701816e-08
6.766597e+03    6.569438e-08
6.800430e+03    6.439674e-08
6.834432e+03    6.312474e-08
6.868604e+03    6.187786e-08
6.902947e+03    6.065561e-08
6.937462e+03    5.945751e-08
6.972149e+03    5.828307e-08
7.007010e+03    5.713182e-08
7.042045e+03    5.600332e-08
7.077255e+03    5.489711e-08
7.112642e+03    5.381275e-08
7.148205e+03    5.274981e-08
7.183946e+03    5.170786e-08
7.219866e+03    5.068650e-08
7.255965e+03    4.968531e-08
7.292245e+03    4.870389e-08
7.328706e+03    4.774187e-08
7.365349e+03    4.679884e-08
7.402176e+03    4.587444e-08
7.439187e+03    4.496830e-08
7.476383e+03    4.408006e-08
7.513765e+03    4.320937e-08
7.551334e+03    4.235587e-08
7.589090e+03    4.151923e-08
7.627036e+03    4.069912e-08
7.665171e+03    3.989520e-08
7.703497e+03    3.910717e-08
7.742014e+03    3.833470e-08
7.780724e+03    3.757749e-08
7.819628e+03    3.683524e-08
7.858726e+03    3.610765e-08
7.898020e+03    3.539443e-08
7.937510e+03    3.469529e-08
7.977197e+03    3.400997e-08
8.017083e+03    3.333819e-08
8.057169e+03    3.267967e-08
8.097455e+03    3.203416e-08
8.137942e+03    3.140140e-08
8.178632e+03    3.078115e-08
8.219525e+03    3.017314e-08
8.260622e+03    2.957714e-08
8.301926e+03    2.899291e-08
8.343435e+03    2.842023e-08
8.385152e+03    2.785886e-08
8.427078e+03    2.730857e-08
8.469214e+03    2.676916e-08
8.511560e+03    2.624040e-08
8.554117e+03    2.572208e-08
8.596888e+03    2.521400e-08
8.639872e+03    2.471596e-08
8.683072e+03    2.422775e-08
8.726487e+03    2.374919e-08
8.770120e+03    2.328009e-08
8.813970e+03    2.282024e-08
8.858040e+03    2.236948e-08
8.902330e+03    2.192763e-08
8.946842e+03    2.149450e-08
8.991576e+03    2.106993e-08
9.036534e+03    2.065374e-08
9.081717e+03    2.024578e-08
9.127125e+03    1.984587e-08
9.172761e+03    1.945386e-08
9.218625e+03    1.906960e-08
9.264718e+03    1.869293e-08
9.311041e+03    1.832369e-08
9.357597e+03    1.796175e-08
9.404385e+03    1.760696e-08
9.451407e+03    1.725918e-08
9.498664e+03    1.691826e-08
9.546157e+03    1.658408e-08
9.593888e+03    1.625650e-08
9.641857e+03    1.593540e-08
9.690066e+03    1.562063e-08
9.738517e+03    1.531208e-08
9.787209e+03    1.500960e-08
9.836145e+03    1.471136e-08
9.885326e+03    1.439921e-08
9.934753e+03    1.409806e-08
9.984426e+03    1.384972e-08
1.000000e+04    1.377301e-08
